0 0.007
10000 0.004
40000 0.006
90000 0.017
160000 0.035
250000 0.066
360000 0.115
490000 0.206
640000 0.283
810000 0.424
1e+06 0.617
1.21e+06 0.835
1.44e+06 1.294
1.69e+06 1.596
1.96e+06 2.285
2.25e+06 2.516
2.56e+06 3.632
2.89e+06 4.068
3.24e+06 5.481
3.61e+06 5.795
4e+06 7.922
4.41e+06 8.867
4.84e+06 11.082
5.29e+06 19.493
5.76e+06 15.165
6.25e+06 15.784
6.76e+06 20.43
7.29e+06 20.02
7.84e+06 26.453
8.41e+06 32.911
9e+06 36.124
9.61e+06 35.436
1.024e+07 46.963
1.089e+07 47.869
1.156e+07 60.844
1.225e+07 59.845
1.296e+07 50.911
1.369e+07 76.815
1.444e+07 90.248
1.521e+07 88.584
1.6e+07 111.113
1.681e+07 136.885
1.764e+07 130.573
1.849e+07 132.576
1.936e+07 158.407
2.025e+07 116.812
2.116e+07 95.738
2.209e+07 188.544
2.304e+07 223.95
2.401e+07 229.213
2.5e+07 265.455
2.601e+07 127.036
2.704e+07 313.065
2.809e+07 309.927
2.916e+07 351.486
3.025e+07 226.257
3.136e+07 391.142
3.249e+07 412.577
3.364e+07 210.993
3.481e+07 466.721
3.6e+07 485.752
3.721e+07 200.803
3.844e+07 642.061
3.969e+07 367.67
4.096e+07 662.994
4.225e+07 443.616
4.356e+07 740.974
4.489e+07 388.538
4.624e+07 817.987
4.761e+07 359.958
4.9e+07 903.696
5.041e+07 346.39
5.184e+07 897.113
5.329e+07 338.506
5.476e+07 932.618
5.625e+07 1096.13
5.776e+07 442.959
5.929e+07 887.881
6.084e+07 1115.84
6.241e+07 1148.79
6.4e+07 1207.03
6.561e+07 1152.55
6.724e+07 1194.85
6.889e+07 1147.63
7.056e+07 1239.43
7.225e+07 1148.18
7.396e+07 1234.52
7.569e+07 695.324
7.921e+07 956.276
8.1e+07 1215.3
8.281e+07 1181.76
8.464e+07 1260.31
8.649e+07 1220.74
8.836e+07 1347.06
9.025e+07 1153.72
9.216e+07 1336.88
9.409e+07 1178.46
9.604e+07 1422.14
9.801e+07 1097.43
1e+08 1690.92
