0 0.007
1e+06 0.004
8e+06 0.006
2.7e+07 0.017
6.4e+07 0.035
1.25e+08 0.066
2.16e+08 0.115
3.43e+08 0.206
5.12e+08 0.283
7.29e+08 0.424
1e+09 0.617
1.331e+09 0.835
1.728e+09 1.294
2.197e+09 1.596
2.744e+09 2.285
3.375e+09 2.516
4.096e+09 3.632
4.913e+09 4.068
5.832e+09 5.481
6.859e+09 5.795
8e+09 7.922
9.261e+09 8.867
1.0648e+10 11.082
1.2167e+10 19.493
1.3824e+10 15.165
1.5625e+10 15.784
1.7576e+10 20.43
1.9683e+10 20.02
2.1952e+10 26.453
2.4389e+10 32.911
2.7e+10 36.124
2.9791e+10 35.436
3.2768e+10 46.963
3.5937e+10 47.869
3.9304e+10 60.844
4.2875e+10 59.845
4.6656e+10 50.911
5.0653e+10 76.815
5.4872e+10 90.248
5.9319e+10 88.584
6.4e+10 111.113
6.8921e+10 136.885
7.4088e+10 130.573
7.9507e+10 132.576
8.5184e+10 158.407
9.1125e+10 116.812
9.7336e+10 95.738
1.03823e+11 188.544
1.10592e+11 223.95
1.17649e+11 229.213
1.25e+11 265.455
1.32651e+11 127.036
1.40608e+11 313.065
1.48877e+11 309.927
1.57464e+11 351.486
1.66375e+11 226.257
1.75616e+11 391.142
1.85193e+11 412.577
1.95112e+11 210.993
2.05379e+11 466.721
2.16e+11 485.752
2.26981e+11 200.803
2.38328e+11 642.061
2.50047e+11 367.67
2.62144e+11 662.994
2.74625e+11 443.616
2.87496e+11 740.974
3.00763e+11 388.538
3.14432e+11 817.987
3.28509e+11 359.958
3.43e+11 903.696
3.57911e+11 346.39
3.73248e+11 897.113
3.89017e+11 338.506
4.05224e+11 932.618
4.21875e+11 1096.13
4.38976e+11 442.959
4.56533e+11 887.881
4.74552e+11 1115.84
4.93039e+11 1148.79
5.12e+11 1207.03
5.31441e+11 1152.55
5.51368e+11 1194.85
5.71787e+11 1147.63
5.92704e+11 1239.43
6.14125e+11 1148.18
6.36056e+11 1234.52
6.58503e+11 695.324
7.04969e+11 956.276
7.29e+11 1215.3
7.53571e+11 1181.76
7.78688e+11 1260.31
8.04357e+11 1220.74
8.30584e+11 1347.06
8.57375e+11 1153.72
8.84736e+11 1336.88
9.12673e+11 1178.46
9.41192e+11 1422.14
9.70299e+11 1097.43
1e+12 1690.92
