0 0.007
100 0.004
200 0.006
300 0.017
400 0.035
500 0.066
600 0.115
700 0.206
800 0.283
900 0.424
1000 0.617
1100 0.835
1200 1.294
1300 1.596
1400 2.285
1500 2.516
1600 3.632
1700 4.068
1800 5.481
1900 5.795
2000 7.922
2100 8.867
2200 11.082
2300 19.493
2400 15.165
2500 15.784
2600 20.43
2700 20.02
2800 26.453
2900 32.911
3000 36.124
3100 35.436
3200 46.963
3300 47.869
3400 60.844
3500 59.845
3600 50.911
3700 76.815
3800 90.248
3900 88.584
4000 111.113
4100 136.885
4200 130.573
4300 132.576
4400 158.407
4500 116.812
4600 95.738
4700 188.544
4800 223.95
4900 229.213
5000 265.455
5100 127.036
5200 313.065
5300 309.927
5400 351.486
5500 226.257
5600 391.142
5700 412.577
5800 210.993
5900 466.721
6000 485.752
6100 200.803
6200 642.061
6300 367.67
6400 662.994
6500 443.616
6600 740.974
6700 388.538
6800 817.987
6900 359.958
7000 903.696
7100 346.39
7200 897.113
7300 338.506
7400 932.618
7500 1096.13
7600 442.959
7700 887.881
7800 1115.84
7900 1148.79
8000 1207.03
8100 1152.55
8200 1194.85
8300 1147.63
8400 1239.43
8500 1148.18
8600 1234.52
8700 695.324
8900 956.276
9000 1215.3
9100 1181.76
9200 1260.31
9300 1220.74
9400 1347.06
9500 1153.72
9600 1336.88
9700 1178.46
9800 1422.14
9900 1097.43
10000 1690.92
